Boss.png
8
0 20
12 140 93 83 0.1
134 140 92 84 0.1
255 138 93 84 0.1
375 140 93 83 0.1
494 140 90 80 0.1
615 140 90 83 0.1
735 140 90 85 0.1
615 140 90 83 0.1
855 140 90 85 0.1
975 140 90 88 0.1
1095 140 90 83 0.1
1215 140 92 82 0.1
1335 140 90 83 0.1
1455 140 92 80 0.1
1575 140 93 80 0.1
1693 140 94 81 0.1
1812 140 94 84 0.1
1936 140 87 83 0.1
2054 140 92 86 0.1
2173 140 93 85 0.1
1 5
14 745 93 93 0.15
146 745 93 93 0.15
272 745 93 93 0.15
401 745 93 93 0.15
531 745 93 93 0.15
2 5
1154 745 90 93 0.15
1035 745 90 93 0.15
913 745 90 93 0.15
798 745 90 93 0.15
682 745 90 93 0.15
3 5
40 890 115 80 0.2
245 890 135 80 0.2
461 890 140 90 0.2
670 890 160 90 0.2
900 900 135 80 0.2
4 6
14 1132 92 95 0.2
136 1130 97 97 0.2
257 1130 97 91 0.2
136 1130 97 97 0.2
257 1130 97 91 0.2
14 1132 92 95 0.2
5 3
245 890 135 80 0.1
461 890 140 90 0.1
670 890 160 90 0.1
6 5
18 1265 162 88 0.15
240 1256 162 88 0.15
469 1251 149 92 0.15
696 1259 146 90 0.15
906 1267 161 86 0.15
7 8
15 365 100 350 0.12
123 365 100 350 0.12
248 365 100 350 0.12
381 365 100 350 0.12
493 365 100 350 0.12
590 365 100 350 0.12
355 1548 100 350 0.12
535 1548 100 350 0.12