Rockman.png
9
0 7
1465 0 39 64 0.15
1427 0 47 64 0.15
1370 0 50 64 0.15
1294 0 70 64 0.15
1248 0 45 64 0.15
1193 0 45 64 0.15
1130 0 45 64 0.15
1 10
1073 0 50 64 0.15
1003 0 55 64 0.15
937 0 55 64 0.15
872 0 55 64 0.15
805 0 58 64 0.15
740 0 58 64 0.15
674 0 60 64 0.15
606 0 55 64 0.15
542 0 55 64 0.15
482 0 55 64 0.15
2 10
1009 67 55 59 0.1
1066 77 50 59 0.1
1116 75 65 59 0.1
1180 75 70 59 0.1
1252 75 60 59 0.1
1313 75 46 59 0.1
1376 75 55 59 0.1
1439 75 60 59 0.1
875 75 60 59 0.1
948 75 53 59 0.1
3 11
429 7 46 60 0.1
376 3 40 64 0.1
310 7 57 65 0.1
246 3 57 70 0.1
180 1 57 70 0.1
113 2 60 70 0.1
180 1 57 70 0.1
246 3 57 70 0.1
310 7 57 65 0.1
376 3 40 64 0.1
429 7 46 60 0.1
4 10
453 425 50 60 0.1
400 425 50 60 0.1
335 425 60 60 0.1
264 420 68 60 0.1
200 425 65 60 0.1
150 425 55 60 0.1
84 428 60 57 0.1
18 420 57 65 0.1
577 420 70 60 0.1
510 425 63 60 0.1
5 2
815 75 60 55 0.2
815 75 60 55 0.2
6 3
1330 280 47 52 0.1
1263 280 50 53 0.1
1209 280 46 57 0.1
7 6
1330 280 47 52 0.1
1263 280 50 53 0.1
1209 280 46 57 0.1
1141 280 59 57 0.1
1069 280 70 49 0.1
1004 280 67 53 0.1
8 3
1015 210 51 55 0.15
1080 210 51 55 0.15
1148 210 51 55 0.15